// for task 1-11
H1_0 =
     0    -1     0     2
     1     0     0     1
     0     0     1     1
     0     0     0     1

H0_1 =
     0     1     0    -1
    -1     0     0     2
     0     0     1    -1
     0     0     0     1

t0_1 = [-1.0000 2.0000 -1.0000]^T
>> 

// for task 12

>> task_12
H1_0 =
    1.0000         0         0   -0.5000
         0    1.0000         0    1.5000
         0         0    1.0000    1.0000
         0         0         0    1.0000

H2_0 =
    1.0000         0         0   -0.5000
         0    1.0000         0    1.5000
         0         0    1.0000    1.1000
         0         0         0    1.0000

H3_0 =
    1.0000         0         0   -0.5000
         0   -1.0000         0    1.5000
         0         0   -1.0000    3.0000
         0         0         0    1.0000